[[0, 0.4522470626742357, 0.4522470626742357, 0.3641308618362756, 0.3641308618362756, 0.30409883108112323, 0.4522470626742357, 0.31925086156926286, -0.0], [0.4522470626742357, 0, 0.3681187177944908, 0.3802009262047681, 0.4197118409515671, 0.4408399986765892, 0.3681187177944908, 0.30409883108112323, -0.0], [0.4522470626742357, 0.3681187177944908, 0, 0.36360138775851414, 0.5033762053808775, 0.28235817842618405, -0.0, 0.31811793084023765, -0.0], [0.3641308618362756, 0.3802009262047681, 0.36360138775851414, 0, 0.35584348469633686, 0.30409883108112323, 0.36360138775851414, 0.2326161962278796, -0.0], [0.3641308618362756, 0.4197118409515671, 0.5033762053808775, 0.35584348469633686, 0, 0.22219936210737928, 0.5033762053808775, 0.2326161962278796, 0.12025698755638453], [0.30409883108112323, 0.4408399986765892, 0.28235817842618405, 0.30409883108112323, 0.22219936210737928, 0, 0.28235817842618405, 0.14836930749743993, 0.12025698755638453], [0.4522470626742357, 0.3681187177944908, -0.0, 0.36360138775851414, 0.5033762053808775, 0.28235817842618405, 0, 0.31811793084023765, -0.0], [0.31925086156926286, 0.30409883108112323, 0.31811793084023765, 0.2326161962278796, 0.2326161962278796, 0.14836930749743993, 0.31811793084023765, 0, 0.12025698755638453], [-0.0, -0.0, -0.0, -0.0, 0.12025698755638453, 0.12025698755638453, -0.0, 0.12025698755638453, 0]]